0.103516 0.047787 0.393530
0.997061 0.949794 0.951206
0.360819 0.549891 0.640171
0.174648 0.324189 0.576375
0.703483 0.674915 0.587468
0.239324 0.444741 0.628602
0.916568 0.806696 0.725189
0.139754 0.195043 0.493668
0.519869 0.619742 0.609876
0.123592 0.126483 0.444704
0.607328 0.644526 0.590163
0.201145 0.385703 0.606888
0.974685 0.883371 0.840145
0.814587 0.728840 0.629376
0.292426 0.500203 0.640175
0.155540 0.260614 0.538183
0.435295 0.588472 0.629501
0.131988 0.161319 0.469615
0.186704 0.355244 0.592662
0.563095 0.632409 0.599231
0.477222 0.605313 0.620388
0.988763 0.917498 0.896251
0.653648 0.657914 0.585142
0.263901 0.473016 0.635749
0.757620 0.698063 0.601149
0.114243 0.089643 0.419241
0.147494 0.228107 0.516608
0.869635 0.766222 0.672129
0.218546 0.415577 0.618923
0.951530 0.846418 0.782609
0.164432 0.292642 0.558150
0.324864 0.525966 0.641679
0.394658 0.569000 0.636397
0.119106 0.108384 0.432027
0.180394 0.339788 0.584762
0.143626 0.211653 0.505290
0.585029 0.638440 0.594365
0.342455 0.538188 0.641300
0.135893 0.178292 0.481764
0.308175 0.513289 0.641296
0.964444 0.865281 0.811517
0.541393 0.626229 0.604481
0.785977 0.712489 0.613340
0.993443 0.933791 0.923821
0.456135 0.597226 0.625177
0.277664 0.486772 0.638314
0.414760 0.579073 0.633268
0.630138 0.650926 0.586960
0.842753 0.746885 0.649121
0.498489 0.612795 0.615232
0.730033 0.685590 0.592654
0.193613 0.370536 0.600036
0.251124 0.459003 0.632503
0.127907 0.144071 0.457236
0.935622 0.826833 0.753683
0.159813 0.276698 0.548383
0.169354 0.308487 0.567495
0.209453 0.400739 0.613179
0.982652 0.900735 0.868388
0.109104 0.069760 0.406401
0.151423 0.244401 0.527578
0.228495 0.430255 0.624066
0.894454 0.786340 0.697742
0.678048 0.665796 0.585146
0.379928 0.561035 0.638283
0.905879 0.796513 0.711290
0.574017 0.635428 0.596735
0.743708 0.691588 0.596458
0.370290 0.555531 0.639318
0.106384 0.059148 0.399962
0.157646 0.268677 0.543330
0.284909 0.493528 0.639333
0.445670 0.592938 0.627405
0.233772 0.437528 0.626406
0.552224 0.629346 0.601817
0.487841 0.609136 0.617842
0.771730 0.705033 0.606775
0.145575 0.219893 0.510990
0.333561 0.532136 0.641585
0.213901 0.408173 0.616123
0.991256 0.925692 0.910067
0.969877 0.874421 0.825872
0.943965 0.836710 0.768122
0.245082 0.451902 0.630636
0.690623 0.670187 0.585987
0.958348 0.855950 0.797083
0.190072 0.362901 0.596411
0.129993 0.152699 0.463441
0.351541 0.544103 0.640829
0.183476 0.347530 0.588765
0.856405 0.756422 0.660250
0.141712 0.203360 0.499513
0.153444 0.252535 0.532927
0.404644 0.574114 0.634914
0.121361 0.117507 0.438371
0.166843 0.300573 0.562887
0.596118 0.641459 0.592171
0.133979 0.169826 0.475718
0.530620 0.623035 0.607177
0.926488 0.816815 0.739352
