0.299144 0.000324 0.003027
0.971542 0.971510 0.971359
0.660841 0.504337 0.368553
0.596669 0.300658 0.313695
0.745687 0.716595 0.578834
0.467425 0.156976 0.177713
0.636627 0.414780 0.349148
0.688207 0.600910 0.395981
0.800359 0.793990 0.764100
0.622299 0.363429 0.337494
0.540630 0.227561 0.255520
0.715323 0.665093 0.466234
0.391504 0.087894 0.102330
0.866241 0.865175 0.860207
0.672759 0.548210 0.378163
0.770932 0.754980 0.679088
0.649291 0.461611 0.359292
0.629865 0.389963 0.343704
0.679716 0.573231 0.384556
0.916471 0.916233 0.915116
0.504969 0.192083 0.217555
0.346140 0.044376 0.062581
0.643042 0.438516 0.354294
0.700009 0.632449 0.421261
0.758711 0.736591 0.631084
0.612350 0.334059 0.328758
0.572360 0.264188 0.288891
0.731230 0.693452 0.522546
0.666307 0.524505 0.372918
0.428142 0.121087 0.137253
0.825268 0.822067 0.807098
0.654676 0.481550 0.363610
0.784200 0.773717 0.724233
0.633304 0.402537 0.346476
0.683665 0.586624 0.389193
0.777218 0.764089 0.701849
0.707368 0.649012 0.441503
0.626244 0.376979 0.340764
0.669498 0.536242 0.375483
0.557205 0.245719 0.273027
0.738669 0.705546 0.551098
0.605469 0.317879 0.322301
0.369249 0.067261 0.083028
0.617797 0.349190 0.333637
0.585628 0.282645 0.302545
0.322668 0.020224 0.035143
0.523115 0.209702 0.236910
0.890544 0.890016 0.887533
0.723393 0.680002 0.493840
0.844240 0.842308 0.833271
0.639865 0.426756 0.351737
0.943561 0.943467 0.943019
0.486383 0.174571 0.197754
0.764857 0.745904 0.655572
0.657763 0.492915 0.366082
0.646179 0.450123 0.356815
0.752346 0.726871 0.605507
0.676134 0.560488 0.381095
0.693595 0.616234 0.406259
0.448040 0.139192 0.157454
0.407530 0.102448 0.117147
0.663179 0.512932 0.370404
0.809762 0.804883 0.782058
0.792598 0.784566 0.746759
0.652372 0.473012 0.361771
0.957453 0.957396 0.957125
0.742228 0.711184 0.565082
0.531968 0.218597 0.246306
0.659297 0.498625 0.367305
0.690775 0.608449 0.400602
0.780576 0.768799 0.713059
0.674424 0.554301 0.379580
0.929891 0.929738 0.929017
0.457787 0.148123 0.167591
0.609132 0.326089 0.325748
0.647735 0.455876 0.358059
0.476950 0.165762 0.187777
0.579257 0.273439 0.296021
0.549064 0.236615 0.264441
0.711304 0.657167 0.453393
0.628089 0.383537 0.342269
0.755564 0.731793 0.618437
0.667900 0.530350 0.374203
0.591433 0.291736 0.308452
0.719372 0.672732 0.479801
0.334443 0.031738 0.050036
0.677897 0.566794 0.382725
0.903342 0.902984 0.901294
0.634974 0.408699 0.347827
0.671114 0.542190 0.376814
0.834341 0.831823 0.820059
0.601335 0.309407 0.318292
0.767884 0.750458 0.667444
0.495722 0.183310 0.207702
0.788164 0.778938 0.735440
0.620147 0.356416 0.335663
0.761800 0.741287 0.643453
0.735006 0.699648 0.536904
0.438172 0.130260 0.147354
0.878153 0.877391 0.873834
