0.108778 0.055655 0.202533
0.937066 0.987985 0.866202
0.453411 0.435816 0.326516
0.527523 0.714398 0.398904
0.420485 0.275322 0.311394
0.473633 0.546918 0.338708
0.441682 0.363746 0.320660
0.721442 0.911571 0.632291
0.316234 0.142946 0.273522
0.215899 0.088145 0.238138
0.600800 0.816794 0.490295
0.847966 0.967920 0.772309
0.447098 0.397822 0.323366
0.434865 0.325469 0.317385
0.491983 0.623358 0.356034
0.461903 0.484573 0.331002
0.387207 0.214030 0.298968
0.506501 0.667058 0.372842
0.268162 0.112373 0.256473
0.656490 0.867225 0.557048
0.356571 0.177929 0.287899
0.467261 0.514007 0.334234
0.457327 0.458583 0.328539
0.162572 0.070070 0.219909
0.897389 0.980779 0.824782
0.481561 0.583339 0.345435
0.558029 0.764828 0.437355
0.444391 0.380813 0.322002
0.450050 0.415816 0.324829
0.438670 0.345642 0.319175
0.429311 0.302282 0.314958
0.787921 0.945567 0.706885
0.408353 0.248320 0.306761
0.436919 0.335884 0.318335
0.445719 0.389257 0.322685
0.755051 0.930036 0.670286
0.459531 0.471166 0.329715
0.135800 0.062796 0.211102
0.425437 0.289322 0.313370
0.541390 0.739301 0.416407
0.451673 0.425510 0.325638
0.432391 0.314314 0.316289
0.373135 0.196030 0.293856
0.398880 0.231556 0.303226
0.470300 0.530023 0.336254
0.189227 0.078381 0.228945
0.455299 0.446815 0.327478
0.464479 0.498858 0.332514
0.443048 0.372339 0.321329
0.440237 0.354906 0.319944
0.688228 0.890467 0.594124
0.292956 0.126905 0.265246
0.819121 0.958130 0.741107
0.477360 0.564685 0.341710
0.486373 0.602892 0.350125
0.577761 0.790766 0.461960
0.242320 0.099393 0.247382
0.874074 0.975308 0.800184
0.627137 0.842465 0.522147
0.918180 0.984839 0.846535
0.337535 0.160034 0.281090
0.516016 0.690292 0.384515
0.498605 0.644738 0.363477
0.448537 0.406631 0.324074
0.414177 0.260265 0.308972
0.489062 0.613003 0.352905
0.738268 0.921155 0.651389
0.437833 0.340841 0.318766
0.456291 0.452609 0.327994
0.447801 0.402176 0.323715
0.365162 0.186955 0.290997
0.672109 0.879076 0.575374
0.175865 0.074123 0.224370
0.458407 0.464774 0.329115
0.417529 0.267904 0.310255
0.803783 0.952208 0.724343
0.463152 0.491618 0.331728
0.280712 0.119438 0.260918
0.641462 0.854998 0.539261
0.202555 0.083077 0.233507
0.347357 0.168939 0.284599
0.427496 0.295924 0.314204
0.549350 0.751994 0.426425
0.443719 0.376594 0.321663
0.149225 0.066291 0.215466
0.613562 0.829707 0.505797
0.445055 0.385017 0.322344
0.567499 0.777766 0.449192
0.833876 0.963348 0.757116
0.483876 0.593008 0.347650
0.460686 0.477763 0.330339
0.861374 0.971887 0.786671
0.304814 0.134799 0.269469
0.327139 0.151377 0.277404
0.229152 0.093538 0.242755
0.440963 0.359361 0.320309
0.423106 0.282459 0.312421
0.927809 0.986497 0.856572
0.450847 0.420588 0.325225
0.511037 0.678564 0.378368
