0.005193 0.098238 0.349842
0.981354 0.800406 0.981267
0.511253 0.510898 0.193296
0.133298 0.375282 0.379395
0.946612 0.614218 0.419767
0.066899 0.263188 0.377594
0.992900 0.704852 0.704114
0.302379 0.450282 0.300122
0.754268 0.565033 0.211761
0.402968 0.480466 0.244731
0.989089 0.750968 0.837979
0.631513 0.540752 0.170075
0.987567 0.658422 0.566226
0.209075 0.417412 0.349677
0.049378 0.191076 0.365810
0.088353 0.322167 0.384731
0.858747 0.584440 0.295572
0.973424 0.635183 0.492547
0.167952 0.397889 0.367784
0.570016 0.526186 0.175273
0.351976 0.465440 0.272492
0.106842 0.349774 0.384548
0.991367 0.727614 0.770270
0.693720 0.553797 0.182610
0.032053 0.146774 0.358239
0.075833 0.293321 0.381922
0.254452 0.434529 0.326434
0.907242 0.597319 0.353142
0.059164 0.229842 0.372252
0.985980 0.775272 0.908448
0.992595 0.681914 0.636869
0.455774 0.495585 0.217774
0.811692 0.575187 0.252572
0.662691 0.547503 0.174044
0.987672 0.762996 0.872864
0.187886 0.408003 0.359484
0.992258 0.716210 0.737146
0.019936 0.122985 0.354120
0.429094 0.488011 0.231096
0.071115 0.278497 0.379895
0.231362 0.426197 0.338572
0.081553 0.307858 0.383598
0.783416 0.570162 0.230962
0.883878 0.590450 0.323195
0.278171 0.442524 0.313552
0.054721 0.211234 0.369184
0.042104 0.169557 0.362151
0.063071 0.247085 0.375050
0.118992 0.362849 0.382713
0.096618 0.336161 0.385134
0.983913 0.787757 0.944626
0.981918 0.646664 0.529602
0.990926 0.670230 0.602031
0.149706 0.386975 0.374449
0.377291 0.472952 0.258588
0.540225 0.518584 0.183099
0.990307 0.739184 0.803810
0.993111 0.693451 0.670810
0.961696 0.624282 0.455702
0.483123 0.503216 0.205037
0.600520 0.533605 0.170648
0.928323 0.605212 0.385404
0.327007 0.457900 0.286377
0.724322 0.559628 0.195408
0.832272 0.579026 0.270211
0.978052 0.640868 0.511090
0.993074 0.699161 0.687519
0.954574 0.619137 0.437582
0.364589 0.469213 0.265543
0.220112 0.421864 0.344261
0.045905 0.180460 0.364007
0.989496 0.664329 0.584246
0.061052 0.238625 0.373691
0.012963 0.110779 0.351992
0.158620 0.392531 0.371320
0.988406 0.756949 0.855332
0.797665 0.572682 0.241490
0.314648 0.454107 0.293279
0.992967 0.687705 0.653934
0.768942 0.567630 0.221045
0.647098 0.544183 0.171465
0.390070 0.476711 0.251665
0.985002 0.781495 0.926468
0.985066 0.652522 0.547998
0.026291 0.135044 0.356210
0.078517 0.300622 0.382814
0.469368 0.499393 0.211318
0.585199 0.529927 0.172493
0.141260 0.381240 0.377135
0.415967 0.484225 0.237895
0.290214 0.446420 0.306889
0.073440 0.285942 0.380957
0.986868 0.769105 0.890573
0.242795 0.430418 0.332635
0.991935 0.676091 0.619575
0.052164 0.201323 0.367524
0.442365 0.491795 0.224354
0.064936 0.255264 0.376362
0.198310 0.412798 0.354767
0.989720 0.745039 0.820804
