0.098791 0.099669 0.000088
1.000000 0.997796 0.794247
0.851566 0.376920 0.304295
0.403111 0.203702 0.163305
0.928297 0.680911 0.329270
0.217399 0.141015 0.068401
0.898117 0.534052 0.317567
0.652346 0.274100 0.267119
0.968639 0.856648 0.454686
0.945709 0.762144 0.351264
0.522691 0.241494 0.222129
0.300173 0.168975 0.108981
0.913105 0.607042 0.323029
0.881681 0.458116 0.311798
0.153215 0.119010 0.031796
0.774048 0.309620 0.291279
0.989027 0.939877 0.635493
0.586863 0.258774 0.247442
0.920604 0.643592 0.325826
0.716305 0.289458 0.281228
0.905648 0.570671 0.320313
0.979924 0.901469 0.542424
0.936478 0.719941 0.335521
0.125765 0.109344 0.015595
0.956597 0.808479 0.388366
0.890332 0.496706 0.314759
0.461197 0.222709 0.193178
0.183292 0.129370 0.050218
0.870213 0.417898 0.308478
0.349191 0.185585 0.134755
0.820195 0.339049 0.298716
0.256313 0.154101 0.086925
0.995829 0.972501 0.723465
0.962575 0.832640 0.417961
0.619582 0.266626 0.258022
0.139249 0.114096 0.023462
0.491568 0.232214 0.207943
0.554505 0.250369 0.235417
0.837741 0.357235 0.301703
0.876507 0.438212 0.310225
0.916845 0.625260 0.324396
0.684764 0.281520 0.274801
0.984777 0.921492 0.589147
0.324033 0.177046 0.121403
0.924416 0.662121 0.327392
0.974498 0.879773 0.496891
0.886191 0.477603 0.313322
0.950938 0.784838 0.366377
0.112474 0.104439 0.007746
0.862161 0.397340 0.306537
0.167834 0.124034 0.041058
0.236255 0.147356 0.077324
0.746299 0.298576 0.286641
0.375570 0.194487 0.148714
0.901898 0.552429 0.318940
0.431694 0.213130 0.178213
0.932296 0.700132 0.331753
0.909375 0.588853 0.321654
0.277620 0.161336 0.097443
0.199759 0.135025 0.059373
0.798871 0.323061 0.295249
0.940913 0.740544 0.341539
0.894281 0.515501 0.316190
0.992705 0.956799 0.680431
0.997826 0.983613 0.754434
0.700683 0.285371 0.278167
0.446327 0.217923 0.185715
0.900015 0.543262 0.318255
0.336449 0.181231 0.127997
0.907514 0.579777 0.320985
0.288738 0.165057 0.103107
0.175448 0.126668 0.045600
0.982426 0.911693 0.565746
0.879200 0.448215 0.311034
0.760502 0.303810 0.289058
0.191398 0.132157 0.054749
0.883997 0.467910 0.312564
0.208438 0.137979 0.063852
0.417279 0.208396 0.170707
0.246126 0.150675 0.082053
0.635979 0.270408 0.262772
0.731535 0.293812 0.284053
0.986977 0.930880 0.612445
0.965612 0.844713 0.435518
0.938655 0.730132 0.338153
0.146188 0.116556 0.027555
0.829449 0.347900 0.300265
0.809995 0.330734 0.297055
0.845096 0.366931 0.303044
0.994334 0.964785 0.702202
0.476277 0.227476 0.200586
0.226668 0.144129 0.072894
0.943262 0.751218 0.345825
0.119086 0.106937 0.011760
0.990934 0.948505 0.658185
0.934357 0.709951 0.333431
0.977278 0.890823 0.519386
0.922507 0.652822 0.326584
0.896210 0.524808 0.316878
0.998993 0.990779 0.774513
