0.029159 0.028991 0.026252
1.000000 0.901739 0.900670
0.587044 0.555576 0.361493
0.300312 0.299273 0.232366
0.897809 0.668505 0.566329
0.173607 0.173041 0.151594
0.426680 0.423481 0.291250
0.770042 0.641377 0.456625
0.983000 0.764455 0.741938
0.108926 0.108623 0.099864
0.997265 0.833124 0.825884
0.499813 0.489423 0.322518
0.360620 0.359220 0.262115
0.837292 0.653864 0.503681
0.947647 0.703444 0.647044
0.685537 0.611258 0.409610
0.235309 0.234470 0.194450
0.992236 0.798651 0.785580
0.076552 0.076296 0.070642
0.461904 0.456207 0.306269
0.393179 0.391225 0.276752
0.635919 0.585808 0.384716
0.267938 0.266992 0.214362
0.999510 0.867470 0.863851
0.140991 0.140564 0.126296
0.968259 0.731909 0.695067
0.541388 0.522867 0.340746
0.868361 0.659428 0.532304
0.803353 0.648471 0.478158
0.732685 0.630234 0.434886
0.922312 0.681539 0.601525
0.332488 0.331280 0.248761
0.202395 0.201692 0.172431
0.883246 0.663333 0.548526
0.958650 0.716995 0.670991
0.611203 0.571142 0.372824
0.056203 0.055961 0.051274
0.093274 0.092973 0.086288
0.999937 0.884606 0.882330
0.284164 0.283175 0.223587
0.976371 0.747846 0.718828
0.409774 0.407305 0.283967
0.520096 0.506153 0.331326
0.157222 0.156756 0.139098
0.935448 0.691564 0.623735
0.480458 0.472760 0.314179
0.376835 0.375195 0.269496
0.444025 0.439786 0.298639
0.660832 0.599263 0.397028
0.563732 0.539401 0.350797
0.853082 0.656418 0.517457
0.988234 0.781462 0.764206
0.124835 0.124484 0.113213
0.218872 0.218103 0.183680
0.709603 0.621600 0.422261
0.995180 0.815897 0.806101
0.998661 0.850316 0.845083
0.316418 0.315302 0.240716
0.251671 0.250761 0.204658
0.820782 0.651357 0.490694
0.789553 0.645828 0.468920
0.908492 0.673419 0.580791
0.754538 0.637182 0.447354
0.348549 0.347265 0.256467
0.190051 0.189414 0.163707
0.999769 0.876039 0.873116
0.599036 0.563464 0.367083
0.972506 0.739776 0.707015
0.990378 0.790041 0.775001
0.996319 0.824512 0.816079
0.471093 0.464479 0.310185
0.875845 0.661242 0.540221
0.993829 0.807273 0.795937
0.915467 0.677253 0.590958
0.985784 0.772921 0.753181
0.418173 0.415382 0.287587
0.928977 0.686316 0.612460
1.000000 0.893169 0.891512
0.340511 0.339286 0.252648
0.165385 0.164875 0.145443
0.860774 0.657841 0.524721
0.575270 0.547552 0.356064
0.998039 0.841727 0.835548
0.452890 0.447974 0.302404
0.243470 0.242609 0.199581
0.697668 0.616646 0.415935
0.953313 0.710026 0.658964
0.552434 0.531166 0.345677
0.276087 0.275096 0.219036
0.435297 0.431630 0.294913
0.324438 0.323304 0.244764
0.085276 0.085021 0.078791
0.623515 0.578604 0.378712
0.941681 0.697278 0.635273
0.509839 0.497800 0.326847
0.227091 0.226298 0.189124
0.963634 0.724299 0.683043
0.812197 0.649987 0.484375
0.779960 0.643752 0.462766
0.490030 0.481079 0.318289
