0.149398 0.049588 0.249199
0.939858 0.919150 0.979353
0.659176 0.400500 0.563460
0.349639 0.330749 0.505246
0.867765 0.637826 0.763157
0.254144 0.199037 0.385456
0.814874 0.474845 0.624828
0.493288 0.388171 0.555253
0.909064 0.794722 0.885935
0.572616 0.394041 0.559149
0.204011 0.127461 0.319895
0.843562 0.555436 0.693425
0.889941 0.719018 0.828437
0.750429 0.416181 0.575798
0.301363 0.266805 0.447158
0.418210 0.376357 0.545886
0.926008 0.862872 0.937103
0.879254 0.678846 0.796755
0.615013 0.397121 0.561184
0.704915 0.405322 0.567017
0.381021 0.358328 0.530063
0.789194 0.439667 0.595288
0.177342 0.089731 0.285140
0.855767 0.596568 0.728434
0.899821 0.757748 0.858054
0.830838 0.514643 0.658619
0.229493 0.163826 0.353249
0.917797 0.829803 0.912281
0.278059 0.233357 0.416739
0.455862 0.384422 0.552542
0.324509 0.299381 0.476770
0.532035 0.391100 0.557213
0.933653 0.893782 0.960305
0.289779 0.250185 0.432062
0.336569 0.315280 0.491231
0.849687 0.575982 0.710932
0.873596 0.658400 0.780158
0.727976 0.409541 0.570359
0.904511 0.776466 0.872195
0.552093 0.392552 0.558163
0.929907 0.878601 0.948908
0.312894 0.283209 0.462069
0.823596 0.494505 0.641483
0.681882 0.402540 0.564911
0.364344 0.345364 0.518447
0.399249 0.368802 0.539323
0.837350 0.534985 0.675972
0.884708 0.699078 0.812861
0.190813 0.108804 0.302687
0.474496 0.386523 0.554111
0.894974 0.738590 0.843484
0.921969 0.846592 0.924884
0.913495 0.812503 0.899297
0.437163 0.381305 0.550042
0.512442 0.389645 0.556243
0.266185 0.216347 0.401216
0.593592 0.395573 0.560158
0.803685 0.456241 0.609170
0.771219 0.426126 0.584021
0.861805 0.617197 0.745877
0.163525 0.070056 0.267266
0.636886 0.398744 0.562273
0.216886 0.145810 0.336726
0.241922 0.181531 0.369482
0.936370 0.904822 0.968590
0.604255 0.396341 0.560666
0.446534 0.383040 0.551451
0.210466 0.136655 0.328350
0.693373 0.403810 0.565850
0.372436 0.352103 0.524501
0.780614 0.432475 0.589283
0.170456 0.079947 0.276266
0.827347 0.504541 0.650018
0.562299 0.393292 0.558651
0.840479 0.545204 0.684687
0.408703 0.372929 0.542941
0.389980 0.363913 0.535025
0.583041 0.394800 0.559652
0.796880 0.447626 0.601947
0.260180 0.207722 0.393361
0.272120 0.224858 0.408999
0.330457 0.307358 0.484027
0.235749 0.172698 0.361399
0.248066 0.190326 0.377505
0.342946 0.323098 0.498316
0.876448 0.668648 0.788517
0.819477 0.484575 0.633073
0.809652 0.465347 0.616830
0.927973 0.870802 0.943059
0.858790 0.606882 0.737171
0.887350 0.709096 0.820716
0.625894 0.397931 0.561722
0.356761 0.338203 0.511988
0.924005 0.854799 0.931044
0.902184 0.767160 0.865173
0.892483 0.728852 0.836025
0.184111 0.099319 0.293961
0.919896 0.838262 0.918629
0.846629 0.565694 0.702170
0.931799 0.886264 0.954659
