0.000030 0.229985 0.280027
0.999927 0.899854 0.679717
0.386304 0.478920 0.040856
0.144156 0.322434 0.190916
0.705011 0.628740 0.133329
0.253703 0.393295 0.122929
0.866951 0.766703 0.393964
0.062187 0.269409 0.241996
0.544236 0.538963 0.000099
0.029726 0.248899 0.261773
0.099654 0.293622 0.218640
0.935456 0.835231 0.540917
0.459913 0.519357 0.003804
0.317922 0.434792 0.083368
0.792748 0.696212 0.248206
0.195568 0.355724 0.158957
0.626506 0.570938 0.036640
0.585734 0.549728 0.005374
0.968298 0.868102 0.611507
0.502049 0.530348 0.000111
0.285114 0.413608 0.103590
0.169027 0.338518 0.175442
0.421549 0.501085 0.018947
0.080057 0.280949 0.230838
0.223809 0.373989 0.141459
0.749122 0.661887 0.187985
0.831467 0.731484 0.319001
0.045623 0.258791 0.252233
0.351769 0.456640 0.062616
0.015038 0.239392 0.270951
0.120993 0.307442 0.205325
0.901596 0.801352 0.468216
0.667662 0.600742 0.087686
0.952018 0.851806 0.576519
0.480776 0.525510 0.000958
0.334753 0.445639 0.073076
0.403781 0.490112 0.029408
0.984266 0.884100 0.645876
0.523241 0.534688 0.000000
0.812784 0.713789 0.282474
0.238545 0.383518 0.132330
0.007540 0.234711 0.275495
0.110156 0.300389 0.212136
0.368986 0.467742 0.051861
0.053748 0.263996 0.247215
0.301360 0.424095 0.093539
0.089667 0.287143 0.224852
0.182060 0.346990 0.167337
0.037634 0.253772 0.257072
0.440118 0.511134 0.009836
0.771305 0.678888 0.216918
0.726919 0.645162 0.160245
0.918636 0.818399 0.504801
0.646915 0.585350 0.062181
0.156384 0.330337 0.183306
0.849371 0.749147 0.356457
0.269241 0.403338 0.113406
0.070942 0.275049 0.236554
0.132376 0.314788 0.198253
0.022322 0.244096 0.266389
0.209484 0.364713 0.150328
0.565056 0.543619 0.001135
0.606188 0.558705 0.016516
0.884362 0.784117 0.431261
0.688844 0.616618 0.113549
0.782170 0.687512 0.232198
0.737994 0.653485 0.174005
0.041713 0.256245 0.254681
0.094646 0.290346 0.221782
0.491414 0.528031 0.000381
0.202468 0.360178 0.154657
0.162642 0.334405 0.179413
0.802959 0.704974 0.264955
0.512663 0.532551 0.000003
0.616359 0.564466 0.025312
0.595986 0.553793 0.009808
0.943773 0.843549 0.558780
0.057875 0.266660 0.244616
0.449855 0.515512 0.006400
0.343240 0.451131 0.067837
0.377633 0.473315 0.046421
0.115516 0.303880 0.208757
0.715924 0.636919 0.146703
0.138225 0.318577 0.194648
0.084825 0.284018 0.227899
0.893001 0.792756 0.449783
0.011320 0.237059 0.273218
0.018674 0.241751 0.268677
0.309622 0.429420 0.088500
0.033509 0.251327 0.259446
0.992132 0.892002 0.662858
0.554670 0.541189 0.000406
0.575420 0.546403 0.002640
0.231142 0.378714 0.136910
0.360352 0.462179 0.057240
0.003823 0.232353 0.277758
0.150213 0.326337 0.187163
0.875678 0.775426 0.412657
0.066497 0.272175 0.239299
0.261416 0.398289 0.118223
