0.700151 0.002745 0.700612
1.000000 1.000000 0.400203
0.805481 0.522745 0.495000
0.735568 0.306883 0.564853
0.861136 0.743552 0.439474
0.703122 0.183741 0.611790
0.833174 0.631759 0.467368
0.772302 0.416545 0.528136
0.891647 0.857274 0.411817
0.754311 0.362743 0.546124
0.700422 0.111272 0.650035
0.819464 0.577019 0.481035
0.789713 0.469411 0.510744
0.716339 0.247586 0.585309
0.930380 0.924494 0.402333
0.847033 0.687166 0.453536
0.875582 0.801192 0.425119
0.708265 0.216333 0.597337
0.854049 0.715220 0.446541
0.700339 0.066138 0.674024
0.868307 0.772195 0.432343
0.781110 0.443016 0.519342
0.906404 0.889529 0.406013
0.963014 0.961688 0.400787
0.763371 0.389823 0.537065
0.700953 0.149193 0.629284
0.826310 0.604330 0.474213
0.812583 0.549811 0.487916
0.797894 0.495924 0.502571
0.725860 0.277747 0.574723
0.745056 0.335166 0.555357
0.840083 0.659357 0.460469
0.882276 0.826956 0.418775
0.864708 0.757833 0.435919
0.700369 0.090118 0.661647
0.776727 0.429800 0.523723
0.981286 0.980779 0.400448
0.785450 0.456202 0.515007
0.749704 0.349024 0.550714
0.829740 0.618022 0.470796
0.886573 0.841950 0.415222
0.857584 0.729347 0.443021
0.801763 0.509301 0.498715
0.843548 0.673236 0.457012
0.836622 0.645532 0.463931
0.758860 0.376350 0.541561
0.898055 0.873088 0.408695
0.767850 0.403228 0.532586
0.945848 0.942888 0.401355
0.822888 0.590654 0.477626
0.700575 0.130794 0.639246
0.712011 0.232099 0.591073
0.701729 0.166801 0.620147
0.793877 0.482635 0.506589
0.700279 0.036129 0.687067
0.809081 0.536254 0.491419
0.917142 0.906675 0.403876
0.816042 0.563405 0.484456
0.871923 0.786651 0.428733
0.730731 0.292428 0.569729
0.721012 0.262798 0.579897
0.850534 0.701158 0.450049
0.740347 0.321115 0.560077
0.705275 0.200200 0.604213
0.878381 0.812177 0.422386
0.700389 0.100919 0.655740
0.700355 0.078557 0.667747
0.752015 0.355908 0.548416
0.718642 0.255233 0.582557
0.845291 0.680187 0.455282
0.911455 0.898012 0.404859
0.774514 0.423171 0.525928
0.702337 0.175336 0.615867
0.870103 0.779408 0.430538
0.803641 0.516005 0.496832
0.848784 0.694149 0.451800
0.841815 0.666286 0.458749
0.787590 0.462792 0.512865
0.834897 0.638641 0.465638
0.831459 0.624886 0.469087
0.810839 0.543029 0.489643
0.714113 0.239864 0.588131
0.807296 0.529496 0.493183
0.866502 0.765006 0.434120
0.778921 0.436413 0.521521
0.862924 0.750684 0.437706
0.852296 0.708180 0.448296
0.972046 0.971205 0.400598
0.742714 0.328153 0.557711
0.756589 0.369556 0.543837
0.765621 0.396533 0.534816
0.700226 0.019196 0.693784
0.828020 0.611173 0.472504
0.817752 0.570200 0.482748
0.761122 0.383103 0.539305
0.783285 0.449611 0.517171
0.795900 0.489268 0.504572
0.733159 0.299689 0.567287
0.710053 0.224219 0.594134
0.701279 0.158084 0.624615
