0.550541 0.006842 0.451980
0.703779 0.948977 0.993775
0.611148 0.589820 0.111320
0.590507 0.304300 0.241716
0.419708 0.833036 0.558241
0.573711 0.181138 0.334602
0.537067 0.739685 0.291141
0.607129 0.433600 0.158195
0.403255 0.913528 0.834507
0.478142 0.789866 0.422057
0.582353 0.243268 0.285910
0.376170 0.874907 0.698686
0.586085 0.672429 0.175280
0.563663 0.112872 0.390025
0.598721 0.366829 0.199533
0.613837 0.507592 0.120512
0.529715 0.938416 0.932588
0.578135 0.212545 0.309542
0.375723 0.895095 0.768546
0.616637 0.945388 0.967563
0.614468 0.547849 0.109114
0.557619 0.069970 0.420377
0.610991 0.469544 0.138267
0.586456 0.273771 0.263439
0.393950 0.854061 0.628104
0.594583 0.335229 0.220510
0.448436 0.811796 0.489555
0.507990 0.766293 0.355785
0.563814 0.708597 0.229738
0.568939 0.148416 0.361384
0.602933 0.399486 0.178782
0.602026 0.632107 0.133692
0.452541 0.927032 0.885454
0.594916 0.652662 0.152416
0.592548 0.319698 0.231058
0.571377 0.165008 0.347764
0.580271 0.227977 0.297566
0.600819 0.383009 0.189149
0.613419 0.568682 0.107943
0.612600 0.488287 0.128920
0.607411 0.611060 0.119811
0.463220 0.800964 0.455667
0.614530 0.527456 0.113657
0.554227 0.041170 0.436063
0.560746 0.092811 0.405012
0.575646 0.691121 0.201310
0.660548 0.947515 0.981449
0.493085 0.778365 0.388763
0.489103 0.933297 0.910617
0.596645 0.350921 0.209994
0.605043 0.416348 0.168436
0.385527 0.904619 0.802283
0.383585 0.864526 0.663367
0.609134 0.451324 0.148071
0.373043 0.885136 0.733865
0.588478 0.289013 0.252494
0.550853 0.724766 0.259874
0.584416 0.258531 0.274552
0.522696 0.753461 0.323192
0.406245 0.843562 0.593044
0.566380 0.131171 0.375474
0.575967 0.196978 0.321854
0.433858 0.822465 0.523755
0.572686 0.942411 0.951459
0.421704 0.919678 0.857309
0.562235 0.103128 0.397471
0.583386 0.250916 0.280201
0.529936 0.746702 0.307079
0.597680 0.358830 0.204776
0.577060 0.204783 0.315654
0.585443 0.266156 0.268980
0.594606 0.944015 0.959825
0.601874 0.391215 0.183949
0.593562 0.327429 0.225773
0.485614 0.784180 0.405376
0.552426 0.023795 0.443998
0.570171 0.156806 0.354519
0.608144 0.442412 0.153086
0.595609 0.343048 0.215226
0.426720 0.827756 0.540960
0.441108 0.817144 0.506616
0.393385 0.909161 0.818619
0.581049 0.681916 0.187985
0.569878 0.700018 0.215285
0.598689 0.642469 0.142496
0.379671 0.899923 0.785572
0.614607 0.537595 0.111032
0.611833 0.478839 0.133514
0.544043 0.732376 0.275394
0.599771 0.374879 0.194370
0.567679 0.139872 0.368378
0.613275 0.497875 0.124574
0.587466 0.281374 0.257925
0.455810 0.806409 0.472577
0.373981 0.880045 0.716318
0.612449 0.579232 0.109026
0.500550 0.772410 0.372217
0.591526 0.311969 0.236379
0.604930 0.621618 0.126124
0.606084 0.424928 0.163317
