0.028493 0.028493 0.028493
0.977326 0.977326 0.977326
0.467810 0.467810 0.467810
0.271629 0.271629 0.271629
0.677083 0.677083 0.677083
0.814327 0.814327 0.814327
0.161268 0.161268 0.161268
0.374246 0.374246 0.374246
0.561831 0.561831 0.561831
0.420469 0.420469 0.420469
0.615049 0.615049 0.615049
0.106221 0.106223 0.106223
0.740524 0.740524 0.740524
0.215444 0.215444 0.215444
0.322420 0.322420 0.322420
0.889757 0.889757 0.889757
0.513026 0.513026 0.513026
0.932621 0.932621 0.932621
0.444285 0.444285 0.444285
0.348644 0.348644 0.348644
0.243771 0.243771 0.243771
0.776606 0.776606 0.776606
0.075266 0.075268 0.075267
0.645361 0.645361 0.645361
0.535271 0.535271 0.535271
0.396104 0.396104 0.396104
0.848747 0.848747 0.848747
0.298974 0.298974 0.298974
0.710253 0.710253 0.710253
0.190298 0.190298 0.190298
0.589636 0.589636 0.589636
0.488590 0.488590 0.488590
0.131948 0.131948 0.131948
0.408366 0.408366 0.408366
0.575577 0.575577 0.575577
0.500690 0.500690 0.500690
0.229655 0.229655 0.229655
0.548402 0.548402 0.548402
0.869027 0.869027 0.869027
0.055232 0.055233 0.055233
0.175791 0.175791 0.175791
0.758365 0.758365 0.758365
0.091510 0.091513 0.091513
0.257769 0.257769 0.257769
0.361523 0.361523 0.361523
0.910957 0.910957 0.910957
0.661040 0.661040 0.661040
0.146601 0.146601 0.146601
0.432443 0.432443 0.432443
0.335611 0.335611 0.335611
0.456048 0.456048 0.456048
0.285362 0.285362 0.285362
0.954758 0.954758 0.954758
0.795255 0.795255 0.795255
0.693479 0.693479 0.693479
0.630038 0.630038 0.630038
0.383674 0.383674 0.383674
0.117210 0.117210 0.117210
0.201095 0.201095 0.201095
0.309086 0.309086 0.309086
0.479640 0.479640 0.479640
0.525633 0.525633 0.525633
0.727404 0.727404 0.727404
0.604043 0.604043 0.604043
0.828918 0.828918 0.828918
0.541792 0.541792 0.541792
0.153925 0.153925 0.153925
0.124570 0.124570 0.124570
0.065886 0.065887 0.065887
0.236760 0.236760 0.236760
0.506825 0.506825 0.506825
0.804740 0.804740 0.804740
0.342147 0.342147 0.342147
0.250797 0.250797 0.250797
0.098827 0.098829 0.098828
0.921733 0.921733 0.921733
0.315771 0.315771 0.315771
0.596801 0.596801 0.596801
0.278530 0.278530 0.278530
0.329038 0.329038 0.329038
0.701814 0.701814 0.701814
0.222579 0.222579 0.222579
0.785880 0.785880 0.785880
0.168539 0.168539 0.168539
0.965988 0.965988 0.965988
0.622500 0.622500 0.622500
0.389899 0.389899 0.389899
0.838774 0.838774 0.838774
0.042788 0.042788 0.042788
0.685235 0.685235 0.685235
0.858827 0.858827 0.858827
0.555070 0.555070 0.555070
0.653154 0.653154 0.653154
0.450170 0.450170 0.450170
0.669017 0.669017 0.669017
0.083764 0.083767 0.083766
0.292189 0.292189 0.292189
0.208293 0.208293 0.208293
0.355115 0.355115 0.355115
0.900298 0.900298 0.900298
