0.000000 0.019685 0.292012
0.991225 0.990266 0.957179
0.408958 0.546451 0.581444
0.698295 0.753176 0.560263
0.177131 0.344670 0.583369
0.911203 0.920947 0.752783
0.076446 0.189523 0.460213
0.294100 0.464065 0.615615
0.527774 0.625506 0.536859
0.604224 0.681075 0.531891
0.353988 0.509431 0.602681
0.464329 0.582532 0.557753
0.236951 0.412082 0.611486
0.029301 0.106057 0.374962
0.125424 0.272075 0.533513
0.810254 0.840854 0.636905
0.965056 0.965457 0.858165
0.563623 0.651081 0.531322
0.206677 0.379888 0.600726
0.053198 0.147767 0.418496
0.865852 0.884764 0.693264
0.495092 0.603030 0.546205
0.100232 0.231150 0.498959
0.324245 0.487812 0.610895
0.980894 0.979764 0.909052
0.749848 0.793424 0.589994
0.944583 0.948144 0.810609
0.011304 0.069327 0.336184
0.263667 0.437664 0.615805
0.383393 0.529559 0.592028
0.651246 0.716808 0.541600
0.152280 0.311683 0.562792
0.434592 0.563134 0.570334
0.986597 0.985368 0.933382
0.929348 0.935638 0.782106
0.511121 0.613951 0.541157
0.339182 0.498847 0.607163
0.221726 0.396375 0.606919
0.626842 0.698160 0.535385
0.780223 0.817237 0.611908
0.002313 0.047559 0.313999
0.041347 0.126873 0.396885
0.191756 0.362638 0.592890
0.839067 0.863572 0.664290
0.479531 0.592602 0.551784
0.973823 0.973215 0.884030
0.088241 0.210376 0.480040
0.449372 0.572751 0.563984
0.138646 0.292108 0.548881
0.064890 0.168643 0.439659
0.890009 0.903974 0.722994
0.368732 0.519637 0.597597
0.278917 0.451219 0.616346
0.112653 0.251752 0.516836
0.309243 0.476234 0.613751
0.545210 0.637827 0.533480
0.583210 0.665439 0.530670
0.248394 0.423328 0.613885
0.398010 0.539255 0.586082
0.018680 0.085081 0.352845
0.162813 0.326038 0.572213
0.423577 0.555966 0.575124
0.677482 0.737028 0.550966
0.719976 0.770062 0.571615
0.954248 0.956221 0.831368
0.047327 0.137341 0.407744
0.937317 0.942154 0.796469
0.229314 0.404323 0.609400
0.503033 0.608430 0.543601
0.301669 0.470229 0.614817
0.977550 0.976620 0.896639
0.664134 0.726720 0.545874
0.900987 0.912750 0.737920
0.471892 0.587521 0.554727
0.573256 0.658113 0.530786
0.271284 0.444537 0.616242
0.131984 0.282158 0.541364
0.070681 0.179084 0.450023
0.106425 0.241472 0.508043
0.969674 0.969503 0.871210
0.006607 0.058541 0.325077
0.878287 0.894641 0.708082
0.416266 0.551214 0.578297
0.765029 0.805308 0.600533
0.346594 0.504196 0.605004
0.256005 0.430594 0.615024
0.638815 0.707284 0.538138
0.286504 0.457721 0.616132
0.456815 0.577609 0.560839
0.920649 0.928573 0.767527
0.824867 0.852369 0.650346
0.145450 0.301948 0.556010
0.331721 0.493382 0.609131
0.795338 0.829118 0.624063
0.082366 0.199937 0.470235
0.593527 0.673092 0.531021
0.852758 0.874388 0.678630
0.376068 0.524629 0.594862
0.441970 0.567921 0.567154
0.734808 0.781649 0.580351
