0.011981 0.022573 0.035904
0.975501 0.976274 0.977357
0.311961 0.481232 0.738357
0.087109 0.229650 0.368992
0.628990 0.688096 0.790038
0.056384 0.125156 0.196606
0.484077 0.597517 0.790604
0.153954 0.344049 0.556846
0.794064 0.809095 0.835391
0.045051 0.079044 0.117653
0.068913 0.176975 0.283021
0.215817 0.405646 0.650748
0.709643 0.743052 0.801241
0.403303 0.545276 0.780636
0.114836 0.287988 0.464562
0.553824 0.640861 0.789910
0.884407 0.889169 0.897425
0.099642 0.258672 0.416349
0.061699 0.150350 0.239005
0.445286 0.572867 0.788275
0.591047 0.664026 0.789377
0.261091 0.442773 0.698295
0.052160 0.101711 0.156035
0.668281 0.714028 0.793339
0.183305 0.375718 0.606966
0.841917 0.850469 0.865398
0.133637 0.317616 0.513482
0.747950 0.771854 0.813625
0.077709 0.204732 0.328362
0.933024 0.935148 0.938729
0.516809 0.617927 0.790634
0.029592 0.056240 0.085837
0.356473 0.513144 0.763584
0.123708 0.302746 0.488929
0.049925 0.090660 0.136487
0.286168 0.462049 0.719619
0.535321 0.629403 0.790306
0.093033 0.244102 0.392550
0.237474 0.423854 0.675105
0.054125 0.113245 0.176024
0.424823 0.559551 0.785364
0.106919 0.273308 0.440353
0.020473 0.040333 0.064433
0.817833 0.829331 0.849420
0.073118 0.190723 0.305543
0.648417 0.700758 0.791244
0.065067 0.163520 0.260829
0.908728 0.911983 0.917579
0.572383 0.652376 0.789563
0.770726 0.789903 0.823450
0.609892 0.675894 0.789482
0.380536 0.529840 0.773546
0.464961 0.585451 0.789885
0.167706 0.359624 0.581840
0.058867 0.137574 0.217588
0.688662 0.728074 0.796572
0.196417 0.388241 0.625804
0.951235 0.952699 0.955088
0.039346 0.069830 0.103998
0.141836 0.328866 0.532002
0.337672 0.499827 0.754012
0.498197 0.606341 0.790756
0.860096 0.866825 0.878548
0.731277 0.759079 0.807606
0.081609 0.215346 0.345666
0.066906 0.170203 0.271861
0.024947 0.048672 0.075728
0.273508 0.452398 0.709242
0.090015 0.236896 0.380747
0.829848 0.839800 0.857174
0.581693 0.658180 0.789442
0.299049 0.471693 0.729348
0.051245 0.096126 0.146191
0.392078 0.537716 0.777427
0.544573 0.635131 0.790109
0.474582 0.591534 0.790333
0.175265 0.367587 0.594392
0.055201 0.119133 0.186266
0.720376 0.750930 0.804198
0.096248 0.251395 0.404418
0.368662 0.521642 0.768950
0.699066 0.735437 0.798713
0.324876 0.490646 0.746591
0.110796 0.280624 0.452440
0.805900 0.819083 0.842152
0.047784 0.084964 0.126972
0.619411 0.681941 0.789692
0.872247 0.877930 0.887806
0.205827 0.396829 0.638320
0.226372 0.414649 0.663036
0.060281 0.143906 0.228260
0.920878 0.923531 0.928041
0.759257 0.780731 0.818274
0.249055 0.433240 0.686890
0.128541 0.310183 0.501188
0.057498 0.131313 0.207043
0.896571 0.900524 0.907359
0.016150 0.031315 0.051380
0.075341 0.197696 0.316910
0.119188 0.295360 0.476721
